91796
34678
98230
69029
60918
66069
5209
40407
58822
41611
92088
22990
31472
80313
8892
60075
21812
48743
67268
285
44566
57145
14461
85030
39509
51982
70073
96865
95345
41775
35462
29170
19211
32304
76531
8927
68472
665
89989
74632
49601
77574
33987
12765
49570
30017
40131
65934
55221
64361
20492
61371
96329
93585
66698
29618
47695
85492
71171
42819
8427
38676
22438
99782
51267
36639
95192
40319
84637
87728
80516
18835
65776
5544
41901
66650
53903
9540
89434
85301
88684
39556
78616
19912
70081
45899
80834
89130
28478
26860
91890
61182
89595
30047
38778
79595
67118
19289
80522
42846
98534
3165
50241
40880
55207
88242
64263
64349
64390
74617
8047
68864
41979
89745
33660
73078
68039
54085
11897
11471
863
71744
67465
59966
87734
36686
30405
2765
91541
89674
48024
33024
63615
70107
45772
89681
87649
48854
51764
1444
11392
99740
90246
17332
43452
84393
36581
57917
82009
19734
76471
56282
32939
27094
93841
80910
52010
3397
95905
13587
42678
5124
68002
65636
94196
40910
16916
30693
95523
40804
85090
30482
5086
92313
25343
35038
72086
3754
33529
2339
4657
45395
83593
48863
16089
61945
92679
63599
12297
6805
63330
6873
93555
78553
62242
30647
92535
45895
17034
46318
65511
78911
40345
21376
99521
55078
22101
99182
54904
11888
41769
37664
62304
7267
4857
99789
73674
96286
6426
41422
36628
47702
22805
5553
8648
15489
14645
51642
4721
96656
50568
47786
37294
16058
71905
34941
85431
24142
83103
57730
46980
18061
1699
87489
45660
32170
39244
72272
4937
22162
55543
54881
515
34986
43352
52509
3100
48539
7361
12736
13701
23918
88180
38310
67789
41862
37789
53418
57976
45722
26611
41094
16906
34905
9512
58496
7780
86834
30501
6548
81080
154
37056
61421
33623
26578
42570
43162
37861
92812
12389
32130
85363
12874
89997
99581
93942
23900
47275
84038
25427
15993
96928
27067
94959
21268
99870
41716
4037
20141
50787
52197
60982
63965
66871
78207
11382
88912
91378
96752
66773
85674
85931
52115
51673
90876
63213
14121
62155
88325
39790
69199
15340
30890
76767
67693
2533
36180
66696
24075
85616
33024
44275
39367
57335
40250
81833
42174
90125
6284
54941
12130
65146
31733
26740
38980
41402
43706
24950
23275
28967
64415
69230
18505
4361
97636
28974
79718
91657
87304
79468
82018
18282
39996
974
24386
89725
57862
47500
78608
87860
2196
58616
70569
60701
71860
60796
40380
51224
48707
7427
10058
88206
30008
68725
1324
25831
48587
91224
92013
5919
57572
5944
9640
68549
63984
8490
45115
562
98728
63593
5339
81382
51912
99047
92945
23481
84380
64453
94452
53787
72677
26938
94137
57699
58590
79906
87102
42570
69919
15931
81831
10455
78964
5994
3184
43604
63670
40761
82767
73081
53856
36060
80893
42986
48039
17538
57019
1508
32638
67854
29617
76193
43219
86307
62993
6834
88168
90260
92639
83180
83926
20424
39787
41847
80591
96596
89308
72021
97611
42317
95786
12664
22345
24043
36743
89465
78541
15035
97902
47142
14792
66507
34775
31135
53306
89999
88822
9627
60525
28188
65081
14858
8132
96125
62082
50805
18045
66742
64473
47494
98912
56020
49711
86845
40512
43008
52394
19944
87846
92519
46633
70087
35865
71835
36602
43818
18905
34041
41519
78911
37609
58173
56793
17712
49576
207
76743
55947
38586
24044
13685
55975
93554
22046
43952
59722
39827
10074
56360
47843
73598
76279
82023
60772
34221
59764
42013
1682
86143
86703
78389
13787
53554
85112
70817
22541
23175
4419
67683
5542
84357
74102
41480
41988
57733
99587
5016
30597
32498
17287
38175
92782
96736
59419
14805
14528
10076
41173
35217
208
75809
35150
38487
59374
91996
5563
733
90082
46507
73203
87970
24367
88818
3530
81087
39688
56232
38305
33870
12730
56797
24435
10757
27391
46788
94635
47903
50280
54155
6838
80350
23507
77982
12483
45510
49090
20172
44102
52326
1223
97299
66671
36685
72840
10200
7333
10524
7955
583
67752
72749
52618
26840
99650
55626
97449
19469
44553
1798
72861
91299
36754
10650
28370
59505
78257
39002
41763
72274
87739
30560
71307
11135
39607
26403
51310
76780
93146
68445
47258
43270
67140
34871
68804
75210
6888
88799
92227
21207
50069
37516
11434
47369
61242
11067
1186
91247
10488
49014
132
81643
62862
40276
28927
47398
21713
87537
67355
24014
49284
57876
50535
16089
24046
33142
51481
89226
65544
85872
79758
84812
18771
37400
15627
47511
88944
14459
94031
42161
45573
74215
96539
50042
35921
87277
40619
16917
37936
29213
43901
92661
151
3380
73205
41264
13627
63342
75870
59455
92011
30976
81963
11156
35411
55370
38767
71967
61816
1739
42667
2157
3654
11802
29397
9319
7156
86025
87233
27375
22962
50188
7316
58540
82229
95819
1878
39870
17473
78990
87825
86426
86593
29614
85958
73050
71342
30935
68383
24090
9576
57157
53801
19643
84814
32345
82451
43021
7188
38947
34810
77501
3809
14260
11142
55199
40750
73348
61740
72849
96283
72119
94651
5735
27579
70649
42355
92567
9547
37755
69734
30854
83405
81915
78722
98095
26465
19851
75624
91189
52070
72078
12166
97704
19880
45302
96191
70561
38836
83900
86473
53076
4110
34616
28157
55557
81702
93603
33857
17992
46514
89979
59887
61171
3121
3402
80925
80566
50482
52619
9318
75590
96716
13983
43023
78552
4683
18320
1828
57880
2652
64107
27548
37902
36492
65810
65489
50176
99902
17564
7258
1001
880
17319
85384
9722
4361
26098
39635
9712
45029
25230
30747
79642
22450
43323
85788
16780
64825
22788
14009
1447
49209
94738
49343
64540
84921
84497
87135
95415
83111
92863
51356
57712
96778
36993
83136
99876
74010
36794
7342
19360
63051
52509
13107
46016
96590
43855
61085
17263
16760
1902
26224
31368
84902
49524
23011
46958
48116
75512
73623
92070
3487
73051
77449
28392
18288
71550
36932
95053
33665
36249
53003
12539
54556
69845
94418
66155
47667
59772
62705
89442
18085
78413
79401
54787
902
49712
25608
35296
11877
4921
63752
51431
36142
91352
10984
6470
50749
18246
9483
39221
98744
63041
31741
18954
75298
95422
34836
53719
74259
31583
17067
17701
86730
85333
76753
3817
87821
25786
34651
94741
41186
47516
81581
21556
93804
47480
66674
2349
28781
64963
67321
54915
88656
61778
4008
49723
13886
6825
77207
86345
41573
16412
19097
41367
54648
68782
59033
88663
13595
68761
11884
67240
98083
56642
16347
52768
77709
17374
63706
88487
58337
98694
14229
9361
41197
45571
77
35888
85676
90894
78024
87763
34928
61550
13971
6578
93882
98961
18981
83627
42392
72930
98234
63685
69191
38478
41567
28803
87687
87480
71991
50766
93935
36173
74844
82688
48341
62518
1803
92030
35081
19229
41402
4948
83712
46752
8262
93181
42270
53725
25732
12858
90591
65172
73524
97418
5788
69055
64481
74032
81656
26835
4248
86787
66572
24357
63963
72833
32952
48726
29971
7489
51059
90695
88760
5225
94003
36240
99280
1479
8590
27885
19923
37170
56575
69830
30643
34464
70569
53180
31904
58865
39922
36684
56310
14671
86593
82307
98790
57795
14437
95384
17203
54158
94208
12419
22001
85483
7040
46935
17959
95580
4901
79600
99080
55037
98504
25284
60113
17044
144
67387
62780
52541
98094
70507
15303
47748
60824
17756
91692
59644
39179
86550
5808
46546
94130
92208
9268
11408
52645
75234
5021
6301
58893
94638
43981
45647
41497
40156
71404
92803
53304
8343
9008
84861
16319
6292
19427
34318
31537
83760
57678
16572
50097
53099
93245
64224
54074
21163
53374
25496
96734
62515
59834
74058
75699
94518
79063
94200
45961
13157
30690
19084
60382
43833
48906
72322
15933
6992
91643
82897
63522
89578
95637
13168
11274
25961
9959
22332
77744
66700
43001
18496
58645
18749
72786
82087
91356
75197
20969
43398
42637
2948
71369
59703
70047
63594
94898
6445
77503
5965
11543
98302
78584
4047
6166
31837
88611
38944
93185
78846
29713
86783
62033
97948
42694
85982
45956
53964
75672
44124
55647
92331
56531
54820
49630
10241
27124
48820
23484
49375
69487
88509
84749
90290
38440
78844
56612
68042
69270
12613
12582
96911
40971
87499
84546
79334
27562
74110
70058
2722
96484
68528
93877
24999
59369
49598
62866
37447
96743
78031
66339
50535
38032
57930
25076
3236
44766
56198
4779
77699
42654
49529
20241
60866
72737
76020
39428
32809
10721
72203
21803
84684
3363
67734
9579
25982
94244
28718
52362
76129
89220
12386
56008
93866
10468
88199
33210
93784
68374
48459
48112
43860
12144
14972
45431
6140
76923
38892
95005
872
90288
91025
27727
88295
18099
98101
94400
11879
74017
46826
38387
68694
67384
22811
78209
31357
6599
719
2812
63587
55991
67906
12255
80574
83107
77116
63760
93396
16739
68199
41495
38088
6465
90411
25823
981
35353
67225
32130
29136
14817
58277
7722
1803
33917
58515
46031
33681
25858
39784
32150
50379
51773
21278
21850
67250
16833
98170
84485
44295
78617
42015
82465
62229
17330
91088
58774
60296
81382
16796
32192
31627
10678
28201
56183
72593
60845
14100
92968
68520
38804
72677
23020
99243
85333
7258
93126
65221
3706
36665
94081
45595
57526
7867
27345
25281
25078
43488
80161
13569
93928
57796
76388
28775
75117
83836
64583
1877
23186
57483
98992
31356
24371
80439
15008
76072
13771
65386
20330
44138
22690
43758
21041
61867
54155
51032
15418
37924
5536
46490
97197
47630
35113
6321
97292
75718
38309
82823
29270
4447
48647
35956
59621
48650
38083
28186
83161
62765
13957
88186
71161
50350
69013
98615
39318
79454
56012
87136
5400
58498
1339
81944
43358
44385
41946
30695
8917
79481
56073
23163
97517
9869
5920
81540
14394
35376
57283
83208
35375
31610
29752
24036
2536
29539
83850
10123
26926
55324
20805
24095
89928
85485
82887
49586
83988
34474
52689
23721
90663
45137
21866
46139
58944
90043
59337
45713
71952
2217
94620
64843
49837
33776
51328
61748
354
44004
57401
75988
54778
69402
53262
65961
91718
49923
54594
2628
53437
18900
4334
80234
34277
23657
38168
91874
4235
25991
46777
53367
13968
53507
40624
94146
80314
87466
88061
73559
99692
8575
44599
51726
60780
42910
82012
60953
90453
80032
12178
88824
72114
6693
87073
52259
42608
12264
90794
73640
54423
90583
86933
79080
31081
18649
58931
17812
71552
54319
83488
87661
72893
16696
33450
55219
8910
42953
74541
43400
90578
35588
22852
53744
32959
63509
74667
43561
93932
92771
82113
37444
95244
88146
28697
90968
30312
2537
26359
75766
68690
27376
95025
28003
82706
69798
58276
51085
29195
66870
58024
86910
92952
14672
56528
34211
97912
74096
57025
2697
38312
98186
52166
67068
65349
45864
90209
78198
2001
37385
68005
36367
35129
66228
1309
93047
33127
95094
79040
6663
96059
93942
95774
11547
77748
86031
79788
11130
32296
44523
43109
67564
27359
16088
75338
54651
98438
89908
99894
50564
97613
86879
23597
24591
3638
51880
39161
70027
46097
18616
19483
20247
11932
81232
25489
75061
52470
51411
61583
69328
20674
23690
70315
97954
341
41402
97365
10206
83450
82732
12572
36992
83122
53277
33473
37391
67638
27814
8796
93200
22540
81309
8548
66683
30897
98507
33197
95659
14825
59002
54790
4563
34212
79632
33676
41187
39881
96462
43887
32417
85800
63257
6884
80675
35814
52920
63833
45841
29281
38907
27238
44644
3261
83839
36139
11975
99115
83308
96873
67935
12321
65045
66010
61239
33632
29904
19727
26909
85219
58405
98042
98985
57367
89911
21701
35400
34832
60472
69227
98341
87196
61212
20571
44117
79339
16299
58176
2863
76352
6874
28585
24473
64355
14347
29334
80004
46010
6133
19567
51538
36525
62862
55567
66940
15813
37545
18092
94779
78106
78261
60364
27134
64128
66963
3672
22177
31660
1602
43349
73807
97887
56634
70804
63134
27299
39835
49158
58839
44389
77171
43487
29195
44085
35171
7002
40907
46743
54776
16105
27419
99931
29529
12222
43381
93322
91624
73048
19855
74228
66349
88384
76781
82025
27955
46136
11814
75264
65719
56603
69511
70047
14394
79230
94531
73661
74691
46524
5584
99372
73769
101
83938
80412
83259
974
61743
24966
55152
77566
52547
51166
25073
59512
96592
57648
71204
55361
18268
85904
92419
13081
81129
28867
39611
92298
87789
6361
11805
86847
69009
19360
32107
77355
60461
65934
37385
25024
36736
77053
52387
38373
30284
74932
946
68106
44604
72690
17343
23535
27005
43995
41611
43762
62437
369
28849
72723
42601
32682
48741
89845
42112
6890
24333
82062
76111
70358
97253
1733
96585
97992
3046
86870
10292
52970
79874
15312
3222
83309
57328
18160
46363
53983
51940
21445
97542
65640
59384
82827
50146
60924
33062
48243
69503
42283
72855
76137
52815
90231
1269
24226
95611
25182
97669
16091
16888
5672
14224
8323
67901
17411
17555
30953
30361
18190
96625
17555
26400
21393
40406
28758
97918
86745
14986
45859
16321
58162
40020
61339
83213
15746
77526
70188
40835
99757
4655
39052
90099
4970
62533
4734
91317
91956
60042
78698
29552
87740
66011
37190
32723
63718
17237
50639
1464
46181
96752
21423
72383
80973
70118
72737
50416
93616
74520
90633
88175
86586
62254
41876
14032
44857
90695
70231
38387
80940
5200
52456
55146
23055
44431
82840
647
48582
62643
63635
23497
13823
94892
32721
37628
99546
96621
63292
46862
98761
13011
17274
92486
14481
71532
98132
66078
74391
78203
13467
49506
82415
5118
69663
59182
93253
92114
5267
27324
792
7826
58974
45559
18370
24714
6877
63707
89217
62607
92139
72212
48372
57367
31718
89222
78749
91972
66622
79828
16066
67104
81623
45692
92735
3518
98587
35587
48815
40412
34766
75789
22994
29459
17425
31899
19055
21747
3417
44239
67027
17094
41018
28264
18442
27264
93031
717
90036
22674
42808
66050
76624
22752
86620
48982
15433
25188
72530
79904
12012
26160
20813
2053
24299
22243
9726
91146
67229
29493
855
46889
54178
82135
63461
39497
82712
36446
11966
81180
80443
21536
28031
41151
58763
1110
83829
96000
93840
24006
49560
23019
39053
77263
2594
49678
80630
59031
5971
16545
67852
23466
97373
7309
78625
83298
73485
5240
41708
68889
66737
56303
82435
5984
55194
40792
47526
89341
96653
11851
19643
61306
80932
28137
5432
68955
89186
53346
36291
7151
37590
48190
94107
5367
90386
82114
82357
47466
59483
91520
21856
38322
74286
13609
79130
53020
51007
68930
58611
19821
44510
82229
96041
33636
87127
39736
77676
16005
43409
8576
84466
70280
37664
26194
66495
37930
30583
73383
54283
98163
26849
75340
35450
42694
96593
76870
45312
15668
81410
80666
80557
97366
46732
36921
53250
73871
55132
36704
35972
48788
64083
98550
82712
81893
72415
94658
76829
40025
6475
22274
9570
69477
42336
9294
13546
54741
89263
13888
88253
12281
49821
9446
27866
34501
53573
70252
15240
80017
44857
20716
67401
31609
26396
64997
76400
62663
697
42761
54546
24794
63170
64357
56604
77541
2085
11990
95018
74739
60515
72810
97060
88266
46953
77194
49289
77122
13229
86592
85925
56176
59778
27994
56976
36276
2731
13024
77827
65824
42276
81233
96889
54439
32501
23577
12974
54821
12789
37371
45578
80969
18253
89786
21154
41021
90707
90930
76121
44532
28024
4076
65651
60304
18786
1189
5858
22068
86267
30790
67271
18480
98699
65525
5605
65776
70365
79868
15594
29637
31451
2020
9819
57447
21303
516
26109
32444
2422
76008
48958
96698
74239
67578
20813
20550
68905
72274
58365
39664
42510
31440
98059
95938
26848
13671
81017
13426
50081
2979
58860
45364
70200
96189
61082
93916
71675
6530
25915
23039
40731
63539
73766
33418
98461
15353
71954
9421
27685
6215
89681
90340
28380
31550
51992
92575
69609
42233
16409
33110
59288
98854
93173
8323
2598
98107
68327
75735
75410
55913
97523
59240
38955
40957
63444
73116
8727
75372
3906
10244
20073
83907
27606
73186
12994
57421
89376
36718
59626
39423
13655
40762
10482
65625
41470
94151
99995
30114
56603
157
45632
28833
91057
92193
59817
89319
87361
13855
22788
41885
12152
12372
95776
31750
68956
26747
45585
59508
38481
85639
5831
71466
59346
71694
64577
11806
74968
94808
48378
31607
64010
53823
73063
4247
5761
15661
15086
48157
58024
80235
93565
88267
46226
2
8753
99819
84544
81274
11720
7133
92646
851
98921
38325
42062
75541
25896
3919
45682
5946
65450
39940
8252
23415
76505
61770
38875
99946
46032
98971
34829
87810
52881
72243
10103
76318
2942
99795
27182
75154
16755
21835
12065
39907
37844
89908
90846
35084
91157
97896
86788
16847
76880
59915
73157
98045
46204
78668
49537
69793
29975
35108
61436
49371
23063
33449
64585
56646
69375
2349
23630
45124
44523
11883
59585
36176
75595
6574
17284
5636
53730
81824
10421
23631
93130
51246
26082
51142
44257
35595
4822
24314
77086
224
62908
85640
28252
14081
530
62728
83621
60607
90852
41974
31924
72013
43419
54441
65119
87529
20226
69865
27178
78181
99096
33463
34698
1031
59719
34803
52014
9311
16876
14654
64934
36652
69925
86207
95359
37936
62588
7584
24779
61813
45003
32386
72868
73673
90626
63327
80224
95357
6953
20532
58789
31502
48157
74307
95777
8111
71652
8516
25582
39977
14171
93353
24178
89525
3398
70350
72681
57966
98889
80976
77330
84425
5738
32169
49571
39250
48362
59400
31838
48612
54877
11847
2953
85512
22563
48697
23322
22599
36594
79196
39850
75162
2108
89447
3755
23117
99267
45099
61215
95375
98874
10689
55476
69845
827
15534
80228
54917
95839
59350
70181
63376
16520
32950
6798
39986
41635
41271
80353
75724
96122
84337
7360
2463
18806
39611
46908
73772
4739
71818
71687
28847
42610
70508
62097
32241
73308
60494
55999
53373
41098
19952
17679
30669
85169
57519
97699
49556
99285
7076
9410
48304
91721
33679
40296
86578
78761
89770
49140
63511
7031
57077
95491
16777
80486
15811
63227
17603
18589
64970
8870
82525
74627
86671
9343
45908
37093
1924
14572
44742
66265
23434
36777
11011
4467
26574
28296
94236
82901
7611
90696
71167
45856
74955
65746
65509
17240
95906
6246
67660
19828
41032
60765
93254
81438
52795
95794
70261
76924
71
41756
16382
79145
49061
18604
86234
44680
61610
28345
160
66493
78084
807
37774
30678
79394
24805
21276
19709
32920
28153
152
70837
10466
16089
73835
39605
12566
45815
5814
43575
63709
76144
27978
46409
79994
1057
19231
31283
65381
376
15625
89428
25832
52568
63832
69000
95011
32779
66294
62090
45854
31829
58541
78290
48495
87557
43526
3619
25421
14767
32579
53608
16229
72404
2547
10454
39468
57172
90772
35950
34190
17572
13493
13929
43233
70610
56416
11573
76679
14054
65141
83785
87292
29857
9322
29887
84154
18317
39182
22178
68165
79976
49410
15887
36758
26378
861
33728
94695
63640
81079
92885
13546
27283
529
24502
22539
96325
57195
70386
23433
18084
87119
58884
78962
39511
55145
49155
75176
30030
6183
59557
24390
60371
13215
71217
47577
60729
21462
31223
73454
29409
13108
88602
92174
58539
21007
95591
15322
77401
22421
36490
94037
37241
78671
93493
75461
72509
9882
57933
89953
68752
52074
99905
69096
70938
76180
30103
14863
34185
95275
38339
5979
36961
86979
41949
553
38056
27933
7522
16466
64169
25524
60499
52101
91708
15048
63957
65554
77652
36886
58865
86642
52781
96571
38653
53025
22367
33374
82100
87501
29350
40642
67837
46353
50545
2491
20866
623
70242
39764
79201
77515
51826
66166
5551
99093
28339
79394
33683
80895
78331
59897
51634
92802
68560
9603
86831
21596
95466
69759
56636
67754
1586
10313
3041
24707
73974
41983
10593
54248
14649
57248
22215
50366
83113
58482
94016
66315
57261
40029
42864
32879
99713
16175
82283
12126
6738
55491
19277
12588
2850
51659
45026
78404
53417
48280
8251
75320
62048
25756
89726
46037
33256
30779
28058
9793
5898
69494
91689
74419
38993
53451
79065
36128
97306
12067
66290
61091
59501
26657
62443
29363
88007
59254
96742
8345
51952
79185
96028
32619
33776
15760
32694
92913
20424
96191
69822
44538
53307
76174
74066
69682
72604
5512
5786
72231
46921
69079
32471
94729
41744
239
70794
56479
31699
93804
23121
45266
81106
3090
94981
6566
49117
61519
26108
98829
43830
85082
36967
94587
90355
9185
17609
73426
86145
25990
86871
43530
7595
62216
31178
22117
31231
92248
74558
89075
23097
3632
74899
77321
83162
24139
89551
11597
60105
7496
51433
70032
29528
28298
44098
28434
30231
17320
88573
85345
55704
77759
80964
40348
23487
4543
64845
14077
1072
43555
51441
37795
70872
88633
86557
93226
31928
71470
73825
8479
60413
18712
16117
9156
52924
55274
4793
34134
91450
69950
21198
46829
52149
26669
33988
58575
43340
21826
7808
23675
76931
16569
40205
18992
74671
34736
97005
93523
67585
58488
99509
30887
57742
99067
71507
49208
77976
69186
66446
18597
55818
25846
51482
53806
25685
28743
63881
7665
54404
22446
2103
52629
61903
4695
62375
70678
96844
88697
10616
64807
34613
67685
2720
54127
54158
27982
92592
70270
59401
16554
79341
2050
46217
84528
96715
67056
71498
15566
3628
77681
84656
36554
78974
79095
44784
24661
45152
15514
36043
69097
49538
20087
94552
99522
3428
70578
57493
6907
98529
51810
18735
59834
74473
28364
11943
39707
91766
40207
51165
58790
51885
43825
48579
59287
14192
55167
65477
71321
72356
17785
25353
24606
68271
90488
70578
97286
44016
18582
7837
64117
14811
13176
6348
8984
55276
62402
43892
48904
90838
73338
82170
91218
33809
93703
20066
60708
74616
21993
16426
83944
97863
30851
43575
31366
73366
31671
19233
17037
92356
43840
78526
48551
48495
90935
88435
48281
86244
89642
75187
6775
22724
50297
19002
78496
59480
32600
42376
97112
7013
73946
13447
92197
82409
81320
24108
35517
86191
53371
63363
32939
44
37926
21839
31425
29350
86018
6330
16159
79922
25628
73170
60146
17802
90533
37614
87009
46037
73094
983
91906
92929
65695
60444
61254
72266
43650
17772
13198
94886
20898
37211
42736
90291
64702
42695
71688
67149
70868
89844
12115
3175
2526
34346
43033
58181
9430
98789
46161
44896
2445
37017
47700
90351
56057
36780
72262
61093
53228
20308
78564
47219
69834
4895
40488
44783
9613
47525
35416
76621
73034
29547
75128
7811
28516
20432
56217
18665
76421
41334
24552
84525
27058
66942
29591
57268
96606
43553
46
3609
93076
89829
24699
37706
29135
52296
72324
37747
75679
52419
38074
92700
14418
29430
78723
74196
94576
31584
50951
57442
27010
39069
82380
76698
2913
28858
99547
81022
56215
89026
54948
57817
68985
13463
21797
54203
46728
39243
21908
75959
3338
89150
58671
81449
3987
41512
65590
61376
38669
18490
13963
34975
82180
87125
27781
29982
68269
15260
94590
89948
4849
77541
26663
52701
95465
71374
30094
66143
47228
63858
96641
27475
55082
86346
85564
42826
37871
74650
50611
86614
42109
45837
78665
4994
70813
91914
25151
24532
36339
41350
39723
72159
29138
25381
99257
30755
22256
69206
76656
41257
92654
73812
25284
80345
73837
48141
94346
14099
43163
94273
42531
74258
69790
99683
19429
38694
30300
61192
48202
26007
27310
76850
28425
16462
72174
40305
46004
11780
66150
50918
97036
93252
40654
1468
43848
87498
16723
67860
81141
96583
42834
48969
89888
61542
60545
76827
96482
49244
82339
77890
35914
88075
21933
78320
4422
22301
29738
56427
44959
18754
19194
3578
74289
45020
17535
87567
402
9165
75230
86298
58278
34046
36384
14311
50341
27372
33522
87448
61634
23121
66417
76413
11188
23376
12497
12781
70431
13558
4194
15007
28963
39146
24349
23824
73973
28676
84517
36245
24078
50513
46612
73784
42801
83872
1654
54688
65600
48463
41757
42214
99059
91947
47573
44670
91009
53709
39037
48008
32858
54190
73111
11939
16091
3129
50140
83342
29877
37236
61560
20705
89579
65965
92169
7709
70353
60615
48431
151
36960
65573
12956
32811
69828
57559
33425
10105
63889
80730
19898
57293
71433
37443
31080
77017
84005
12376
61548
54584
1137
29137
92704
84332
84669
10517
78381
31850
12941
47250
38130
24237
94697
44197
72601
37653
39628
75777
21701
25665
81780
95839
42333
6839
10694
28606
97690
13764
27017
44602
90099
4044
21695
10529
22017
58579
8542
96341
11340
21073
68102
43127
3615
47216
17655
19785
70947
34006
80573
40583
41913
44214
33901
44435
49985
17125
26103
89788
7729
67435
5938
25334
22048
10862
75045
72072
85278
20473
99997
11134
17131
65716
67435
38990
78951
36318
30492
30472
44519
12001
97216
16650
62340
30071
12343
21572
77834
32859
12893
81733
25373
37046
38357
31632
8978
59070
12595
48398
76831
8430
27234
57458
35376
3199
5662
9714
34122
35662
63117
83896
84567
50532
48173
420
16347
83133
54354
13465
17305
20707
6602
95904
88647
7642
70284
82799
45032
695
69323
99084
48742
60637
11247
60242
63101
30345
71362
10831
12168
76998
58929
21947
70826
93036
26749
78547
47913
58840
33020
64673
26327
98838
46873
94705
46789
60900
44435
21062
55486
24980
57488
16370
52569
48256
46558
82871
86268
45191
12253
77424
21610
44756
88855
64969
56328
78949
90753
89973
74422
11948
16160
26907
13765
63395
78366
15929
76301
82459
24090
73401
1080
65293
24430
2919
10267
83525
68674
15448
55146
98393
47991
72397
3675
85176
72969
3082
95399
34310
58094
73122
86757
93882
80198
60827
88181
26470
9374
76772
17933
7662
56200
39479
40557
10325
36091
14989
50273
23303
73661
43949
9494
46998
65458
64626
93313
81847
9627
89698
90011
83924
2573
13622
61212
30691
95251
35340
87913
83165
94454
20200
83297
15415
11876
79743
65443
84389
52043
40818
74614
14754
76952
72172
67483
62077
53242
56909
77081
52974
76952
12088
30579
92531
72630
46643
2006
51967
87033
40504
53822
40377
62938
23711
53521
88393
73331
84998
37725
6211
470
35239
5877
84003
35660
31771
2001
37017
36536
71646
91938
11308
82082
25133
45476
33916
44135
30550
4771
38157
56900
24267
64808
90570
27974
83843
47889
7192
53350
96015
33901
19968
16582
70081
94504
94109
7044
65606
27497
69767
47934
67457
15089
95406
34095
14552
46098
76671
25435
50808
68434
77117
20741
37110
26886
86022
47288
83619
57740
42814
8744
8699
38613
48293
8568
25165
29764
18303
54952
19291
83348
93099
35496
2502
26494
92487
35838
68162
9556
36118
95539
13163
51295
27150
47702
22903
22811
30570
32268
57926
29860
18662
60421
17447
72942
82434
27550
63268
69334
70087
13137
31813
25180
13404
33949
91535
12051
42535
70441
95406
9399
98784
58186
53443
26938
31109
98264
37383
35338
67470
51252
83101
18870
82005
22145
77817
39970
73358
50412
54728
35182
34440
17114
33040
39612
21998
20043
7537
18851
91452
37279
43690
25253
38441
75747
15646
51896
24002
28337
92104
38522
57407
44462
60208
62489
50526
11369
49928
27158
4798
31649
91020
55820
13343
15003
8796
19445
42884
5672
24725
91585
45677
99717
61726
3472
20134
84270
57765
11347
20799
38011
75796
29343
28161
69777
84992
24149
41259
57745
88861
57367
41906
25107
2181
28266
94585
99514
46594
64710
77575
71226
2969
39343
95909
33691
79375
7777
95675
77055
33310
29601
73769
88958
16216
98972
15241
85312
11800
34431
30742
47654
3098
43582
21559
39593
82498
40126
59033
37685
29333
22896
6482
96380
3008
90776
68329
11698
88283
60722
16177
63746
71185
63192
3753
69617
76579
45457
66891
1821
77165
99580
3586
79801
87774
52691
67930
37738
39675
8650
32997
76445
38714
88304
47527
15443
86984
98867
67531
16971
57003
16827
63303
72712
51182
34296
34080
72256
89622
83798
61408
52223
27211
45203
68047
93832
651
80866
90969
57127
62902
27512
44197
51341
29188
14191
1163
87664
69374
78811
53290
47127
71759
72202
4047
94526
71780
49695
62960
43454
50199
2136
21157
85497
22359
34266
78910
32641
45101
21476
28324
44925
7731
63806
65261
92445
71715
82075
3390
15976
96438
97571
61655
45597
68385
833
13594
38598
40765
8524
99728
70375
72159
22935
37440
6963
74862
10272
4789
28733
48209
76122
60682
83850
96101
54862
52721
25076
50614
93758
32621
51821
39820
38211
24436
46611
65995
67058
35102
57670
92465
4283
83919
92089
9372
68753
36665
36800
49151
80749
43098
28394
3886
36424
81951
91826
91380
20032
16206
87071
74746
73281
91103
4988
49084
62516
92102
60475
94090
59815
78454
72429
47690
96623
25485
65239
41176
59213
60180
68984
58317
11970
81359
18486
19694
82186
80402
88009
28091
53294
33434
82211
42677
30224
10532
88577
90656
99359
34401
3514
68064
13655
45549
46185
48308
39933
82196
88961
25421
71405
88625
19713
63881
58331
14923
13021
90850
13224
39773
59495
82413
1399
12193
87863
51122
65975
79243
3062
71968
66306
39587
31756
77678
83572
25429
88930
46142
18108
32005
11184
72855
3504
24396
5947
70463
36520
87473
71102
90430
46847
42634
35238
47191
72965
50570
89025
38344
39216
42485
47551
24431
92237
25285
78663
58374
39276
33398
60161
7252
37944
63488
66192
66723
17540
750
28468
71709
70374
45197
46675
48483
17347
29485
44902
96243
44062
89416
90062
23704
18138
84717
27411
97942
75754
50460
1608
32574
94906
40254
37122
55236
82297
71696
59683
77439
40495
21107
29618
5492
99438
93446
99889
24574
58975
89847
35429
52052
11783
82915
49126
20641
42421
52604
679
74531
91429
22877
44460
12246
4451
72674
73209
56804
1071
24044
48127
99688
87683
83433
25750
2840
79799
69702
73166
90490
23668
4951
15155
71827
44981
27918
41676
83570
26964
15608
46278
75252
50151
89461
27078
88139
13549
25632
48832
41688
46414
81475
61297
35276
55996
41867
61447
60745
34325
18197
43631
76253
52394
46154
61683
63877
10501
76840
72090
88160
56911
9820
60180
23291
21782
96460
49143
97481
1892
11992
72642
65077
9623
70510
65165
61303
27520
67996
98873
39286
63520
80277
59408
45910
62348
59776
30690
24939
1658
78697
97004
24887
48881
73219
11563
29096
38969
79014
37578
88236
21436
90161
40100
32192
61257
83218
98589
39597
70234
27927
65060
92068
6399
832
24426
84397
85580
19107
40997
61747
8951
10926
18880
62206
67556
78990
8370
24248
60045
52077
82355
97179
59471
28222
65439
26537
18210
2788
31709
23148
93878
24197
67970
57569
31844
67956
47096
22396
8871
54559
42857
523
15435
51274
480
7370
37804
42258
30578
6605
56421
84230
25359
24352
83800
6804
8806
88077
34554
11537
88512
38778
68667
76751
8158
84993
2404
76629
75286
19378
35212
10986
55294
65585
78403
1339
25824
25538
37203
82466
77587
78855
3400
30377
215
29707
20419
3150
64537
57279
12378
6918
65890
90698
92862
3901
7535
77305
97526
86339
16662
81645
37316
963
95818
32672
4868
94227
12574
52508
53702
22427
18231
59610
24086
43283
76152
81484
75755
29829
492
99199
342
26506
41922
25258
26535
19585
31849
18034
25845
79802
20544
70675
92002
15744
74257
83696
44012
83379
47721
2460
15311
46109
29411
58346
3520
67976
51525
26339
96221
13107
35723
16762
73559
42465
62648
90830
86131
51295
27898
41926
44261
57866
94175
34014
48852
90815
45050
52980
10239
42945
67151
92580
3435
54688
61756
40792
46047
30892
36801
31314
7407
15152
80392
70806
78520
89086
63605
63906
98946
32564
85326
16404
33943
34662
14708
61750
42578
28604
98779
98447
62163
12128
18113
2848
74365
94221
81085
1858
82513
35031
88790
35367
36407
96869
77707
75999
4003
3184
62918
34092
51736
76487
11604
49155
10523
24786
56339
65779
1547
67873
43791
84319
17216
75801
70391
10619
56571
85647
81492
29093
22833
23969
59441
66820
92336
26683
27135
74349
21238
81263
90939
37876
55731
85048
82432
5949
62050
42919
64907
59252
61481
70597
6208
47316
38956
14063
69875
37799
91976
28424
64791
57924
66319
58419
47291
61118
2363
43383
89661
9551
79982
40384
40765
40254
8929
59285
80400
55476
55274
62705
18058
32906
16404
26744
59942
48564
83372
23299
16010
79054
87403
75270
97267
82767
42306
13864
6330
59868
25975
97069
20242
19919
92667
58345
39773
39594
54074
78132
59727
17799
28087
11466
19612
48580
62862
37929
72968
7596
47552
24827
50067
49753
69382
75665
35130
56029
49601
18372
74645
88374
94348
24189
71308
32566
68766
73492
95455
14161
38259
24249
23681
52467
16510
52752
40394
59324
24871
22229
6861
8157
13234
16280
81718
81007
20003
26903
76620
26979
53219
67660
86794
70596
53316
60943
12673
1912
74408
64079
10414
92785
15015
63901
375
19067
1625
43375
36722
55066
44653
1476
31867
14121
11407
63253
18977
78793
66373
97603
55463
48863
96836
3698
51816
85991
73823
54993
5388
57842
29500
62484
4252
26329
96547
4501
38598
47926
33728
14631
64144
27534
20127
83059
74193
8462
86437
80407
87888
36384
52958
66053
48522
59337
32567
96252
27025
69828
57158
90946
81803
30903
8965
69909
39273
34962
41950
90421
49055
97098
38926
48847
82262
30300
34434
21853
64298
75506
74871
92317
76030
52495
58121
40911
53744
88217
29936
9307
7365
64424
57156
25519
92525
18909
934
42758
39332
44543
88611
71239
45720
4675
25700
27964
22648
67648
26833
3415
73896
28322
16021
25647
8078
43143
93233
33391
11369
43310
55879
29226
78536
53334
61635
41264
86992
22764
97564
3026
92869
90898
83349
69646
56186
25237
59117
1901
51598
30393
19625
82601
17195
41233
45574
27711
34384
26459
44633
78778
29231
51689
17071
94648
91066
58671
94282
90890
2101
21790
60249
12451
2582
93812
67803
19306
95181
88182
28059
72207
88517
16752
90798
54796
77992
81643
89542
48956
61930
75436
27929
6087
39606
83302
10116
56623
61921
93619
68517
13859
65479
88004
70915
25216
92549
91845
80387
51118
79730
85851
39770
5409
82639
6890
22810
42326
2110
89885
89889
90851
10263
76723
41679
7370
61812
50757
78133
72189
59990
19321
77064
14221
81734
7503
7517
74048
72934
88911
95225
34575
41881
92442
97059
96867
53885
62244
27527
48026
49564
78263
14208
95118
80940
6411
9320
76126
8306
59462
10913
40677
62850
70551
12413
42286
3880
33261
64998
59946
13753
69759
26746
3498
88106
14164
1284
14387
53561
13959
7651
75043
24484
20732
26667
5464
8940
71202
80861
63357
98518
92271
23736
70889
71966
56571
54908
36844
79908
57293
42699
56029
98422
2930
38674
98709
38223
88725
59462
99117
62480
89406
8125
58354
65804
72977
8619
89372
95993
70933
84326
53213
59524
27929
23952
77129
34659
16216
20325
43505
52783
56806
82642
56188
60624
77430
90844
82382
26311
55124
22529
51860
29925
92926
61099
47819
33949
53462
43355
66594
5870
95730
8319
29318
73699
68161
95278
56603
59849
78855
15118
9308
96013
44455
16499
79350
8055
69162
19145
96061
72209
58874
55025
15720
59566
49139
33028
42035
92298
42460
17070
47135
78978
78113
25954
77880
84963
65946
99669
7674
65306
55249
2273
36629
50788
56193
86580
38160
53220
58806
73732
93423
47237
89263
84261
41899
25300
16115
47217
65057
97472
48776
84674
65402
41451
25819
88321
85674
47177
14502
94890
97467
53507
71458
11329
73971
87403
10933
52021
56393
1835
94030
67593
899
83823
64080
29290
47168
59982
90344
42207
58117
36467
94390
92651
7855
69733
21115
12900
64283
14765
50554
52759
81030
85076
90776
32199
44288
99025
16096
52849
28254
63817
2091
18898
38679
4103
49794
27042
79867
97595
12725
26506
88973
98383
47375
45375
16908
47961
83797
60006
57272
59669
61054
16974
53606
96837
29032
28390
68759
99550
36020
79062
85639
79264
17076
6355
4333
61363
28991
92066
73026
26791
53360
90814
28944
9624
71694
9646
25790
31259
90645
56005
13839
14479
33737
69561
84377
85733
10546
23260
24133
58061
11457
86222
15829
39188
8422
91697
9757
67010
80460
46354
36796
38778
89129
95007
61232
64961
13583
29974
63857
77520
96131
29198
89839
32950
49034
50372
52552
45257
17066
84401
16858
6985
26609
31377
38318
25253
37415
62277
56151
73685
44882
20716
33053
32634
35407
8207
3154
24197
51691
35673
84126
85970
66160
42524
18822
63684
58212
79255
89839
49006
979
84895
28905
39701
75001
3899
39031
89409
79150
16228
29186
60796
29129
58418
69942
62828
68721
22435
22183
25417
22543
36822
87893
67809
24531
48541
51260
95141
53347
86174
14569
17145
49994
7560
41549
97724
16948
87248
5433
73940
73685
15445
65171
80255
3846
15670
46378
99357
55308
25290
62494
37142
6041
71445
18680
10192
40044
82255
92815
38271
47297
14322
30819
18584
37623
83290
28768
81270
34768
44133
62871
75965
68559
64661
61385
88700
38675
84443
6980
57220
64193
44807
68747
490
13835
58751
5101
89593
88529
19746
94622
94862
48395
90050
45584
53947
42003
54259
91392
56377
46088
80259
43458
2317
72963
4587
32734
38557
64550
81
6126
71326
22924
64014
33001
44978
1956
26672
46894
86792
30490
33302
53134
22400
74410
84614
33541
66116
97449
5060
59214
47666
29996
66302
45179
79701
63595
73199
39952
33839
34895
6137
35123
33587
10359
62398
10785
51669
27019
85363
60780
79246
51991
13563
17475
2825
66361
27268
99584
57412
93772
61913
69913
42358
54285
7977
70576
82935
62674
57881
66043
55529
25445
15514
74127
31227
51830
38981
40212
44067
42011
35801
65740
87611
53537
65430
17498
72607
9209
69099
50202
99114
3946
30326
72434
90798
64389
26693
43701
18262
87628
63208
92581
86329
24476
33946
58037
19531
78553
8165
36739
3484
7141
14843
53452
66818
3391
44375
32728
73526
11207
54113
15041
6227
43967
12810
55839
15460
69553
5127
23881
3690
36550
84168
99469
88541
2058
80098
35256
58966
60698
93677
545
13200
85069
95634
10024
69010
77979
24611
76734
76804
87055
44255
49581
30752
53780
6411
18036
73682
61878
89424
29365
35457
55996
41321
6702
83696
35916
11005
48750
58577
33778
42247
68203
53466
58206
27110
72286
75785
19050
28739
7363
28972
6480
59062
86839
70060
55567
43472
73220
86731
29266
66928
59505
38309
41042
77689
92592
78760
99631
21519
30414
97114
9148
21402
75009
43785
46820
11423
55939
91350
80137
67205
93580
11441
15055
85631
61961
90826
36558
9407
59502
24924
41790
19186
39517
77651
4252
64088
82369
29010
20591
68809
13564
98038
42456
26363
2647
29255
49845
43363
61357
32949
50959
33563
77097
69760
25699
87271
70143
60253
35644
31868
54534
39825
64416
71521
42205
45629
61907
65547
89897
7342
79275
4658
80824
48369
64520
24768
79939
27011
51711
31055
11531
39863
47838
38964
576
31984
52580
68268
78964
33634
42661
23056
23009
40286
78197
17650
25834
93863
98291
24552
97846
84376
22881
54726
9757
31014
27824
83091
53007
99548
20305
97291
63477
89216
90651
29374
15352
98121
32657
4383
48597
17406
51356
74297
66308
13030
8197
41739
50183
86282
3701
98623
29845
70892
81420
10630
80966
6103
15652
44884
44122
81471
41451
66947
32655
94327
74208
79924
39094
52210
52055
29416
9950
66593
71700
25591
67148
31514
14996
63781
42269
60556
11645
73989
26811
47722
19682
25683
81348
24884
71683
12057
74567
44920
73259
48616
40320
95216
56484
67976
25120
57607
96237
90799
79839
42841
75477
87488
27560
26578
31818
25905
4748
98481
57101
75650
14730
17208
52571
53813
53645
97298
7733
54870
18967
64462
16286
44124
87621
31302
68423
80909
10198
9212
38202
49016
9471
58716
3440
7430
89153
363
83039
68013
57318
37481
34483
62915
77527
26602
26812
7828
14269
43405
41973
20531
16395
22210
72248
58801
70814
76977
5944
20379
91555
47609
52572
2347
31545
91085
96966
15963
39021
19765
51686
42898
7092
59523
88247
52666
44047
56646
45993
56116
38937
57982
9233
71369
29775
58953
89568
94910
4377
27118
82174
27267
80370
1274
68592
54177
12427
19073
63863
87480
98108
76706
87480
3641
84748
56362
86
45652
41566
76262
31553
72542
73988
84548
93133
42970
13860
64126
37506
77947
50878
43311
5415
3093
44013
51847
16953
25846
53732
91565
91805
36097
42824
76535
86113
30022
70299
33289
24844
8432
79743
72144
29697
77863
95071
51580
60341
59112
46370
29075
52797
4495
75388
4567
87741
18481
20961
45601
49657
54073
1466
92086
19956
40489
50637
85014
58184
38341
63590
31210
58403
54913
98417
76307
42667
92244
64380
9957
12216
88495
96255
32701
54098
26869
91740
13427
15193
48087
31092
44338
28272
35064
15667
47693
49925
59963
31010
16165
61164
16371
7184
99220
82299
24491
93166
43786
43493
32084
34262
41416
43233
49655
45196
98046
16562
69361
6508
36646
72170
13594
99388
90435
84120
84006
11869
34252
50863
90763
10763
66363
68097
82661
73105
92796
5943
6062
30191
76651
55547
11574
71415
78527
24941
47213
68581
24629
98359
20449
22880
35721
59991
2840
87920
42422
50039
69401
78548
48923
96335
71364
12779
34481
67372
40300
15918
29780
74952
69835
61077
794
97302
38880
75674
69179
17994
86631
11103
83815
6036
95452
52101
49151
30002
26671
59256
97236
14835
44660
57149
43856
5174
43930
38950
34735
42479
31785
12330
24965
27206
98322
93904
71819
85980
6098
66483
16971
22444
84288
68616
98555
2760
94013
5320
9820
37329
86041
64229
42994
33166
97485
21000
80239
60383
52538
48582
96188
25119
92799
23739
65216
44616
2188
9982
75363
36593
34748
99
25857
81677
39701
67985
52105
20530
12751
17175
11134
35518
24784
52951
56953
25440
43225
37106
99306
11267
37673
17022
71108
22125
60837
24593
24586
86459
32747
96811
29704
77596
12435
15447
21932
85246
44994
51957
23858
88517
11796
69599
50444
40965
68391
65912
38625
35240
80674
74221
11163
58538
51936
62552
86267
18777
27124
87621
93136
13274
7460
87296
95720
41279
45884
85580
68301
81277
84713
26510
91589
24601
39296
57109
48400
76818
35058
36252
16436
89481
44316
60862
73952
12574
5143
99617
35820
23170
78030
96718
60881
25518
76374
23282
91850
42498
70770
78819
24013
89918
47480
44207
80111
74610
71903
4833
99107
79567
22236
61759
29909
88579
60977
81208
67578
48871
3966
20263
37824
77298
34121
45309
78532
16707
73792
381
49134
90862
11730
82394
4296
43961
43678
98019
70459
94924
97196
77246
43482
8657
77103
23368
67171
67619
57164
18261
49163
66063
33318
37746
79435
93887
11988
87094
18817
96012
70563
20839
55289
54615
96452
35534
51000
38374
90437
25884
51459
76606
94444
7482
63690
30028
99308
1452
87252
15656
41540
87656
99318
16330
63675
86843
96742
28777
17195
3059
4975
47647
91145
2197
48080
18006
5696
43391
5519
18382
58458
99817
9686
51545
434
42073
62146
36630
48960
11329
77663
66568
40796
61210
62874
16327
45744
43612
1257
25368
22586
65135
78055
45830
62534
25882
99792
90777
95505
98877
24230
52570
93344
39770
43351
74447
12812
97404
23964
23913
12408
72029
11533
31488
59244
25136
62868
95142
57967
9989
72361
60980
69010
16139
5606
19088
97681
39989
50919
29903
1735
29377
83465
22060
11810
64696
9920
20429
2070
31237
46372
54892
98027
97400
75334
28305
25917
98131
32862
23511
50942
94957
64621
69435
92187
17443
42439
30349
83222
39050
87456
77828
27839
8128
93513
44047
53278
71059
71264
25832
59869
4892
99814
94490
11855
45146
40851
32196
53010
49176
97216
84776
18181
30827
53082
98221
54324
53109
4052
58762
84178
85686
77014
64384
17539
86959
20912
13836
32405
61750
28189
28584
84719
49938
36808
3539
61280
46638
618
19600
95895
73645
18131
64250
70566
41844
70994
54142
67740
1130
99872
86899
18708
51788
6460
80971
26810
20540
75810
23475
47590
33419
12821
85615
41603
26558
85900
99131
45444
71664
5791
61528
79530
93769
12232
32450
10521
79107
39655
8035
84456
58280
69755
74407
36297
70060
95073
6867
40633
37097
45370
35524
81422
66301
36539
70381
27019
86581
11786
82469
35271
54988
88025
8967
44556
54829
44684
29972
98940
46893
27431
94996
61534
90014
40756
84539
5070
85384
15817
71925
91838
96715
85084
20947
23288
60798
35018
85833
33589
92116
20459
92695
72568
16700
72300
30666
14803
43150
44556
40554
54600
17642
89270
37730
88355
27021
47512
30319
71443
86038
98831
17878
6921
54128
61323
89211
81924
13606
65206
61110
83178
82825
96497
94312
58246
34491
16015
83495
70382
64352
6440
93543
17527
74611
60521
99375
3063
35424
66057
27897
13737
966
53050
72204
91604
2446
28450
67062
98868
14415
8783
96394
59722
1031
43614
48923
54251
81302
24453
54631
39179
31251
2601
89375
84523
51856
29245
31914
88223
22
98879
67408
5451
94795
2159
4245
86317
65155
82257
31086
11353
43127
35402
86417
71850
16297
1967
52335
70206
86312
91093
54097
2612
97768
32696
93193
84378
82097
50312
89019
99327
57869
34397
59895
18639
7210
53145
67577
79577
25280
54771
43828
59350
27169
81151
54262
98116
60085
46847
48323
77986
92779
6747
47432
50589
38227
77775
8019
2624
39879
91432
10594
29597
56470
23355
25650
5671
71038
70360
91707
99457
19980
60800
53308
35350
82855
41211
74953
70263
26247
42470
96486
12284
34759
48150
28679
58539
23038
16338
80180
27549
16250
72615
92258
30994
61172
29153
74810
16919
47032
20721
78351
62955
63374
58778
81998
94873
87454
60014
89687
88861
7564
68181
44825
11114
50936
69038
68052
41661
37520
15098
60112
18871
38779
67863
26051
28194
29670
66184
70179
15205
51970
49943
95078
21106
30369
38974
24803
17986
70587
8325
93002
95551
52240
74324
47685
19215
48230
23212
64051
37322
89834
44872
81503
79468
28597
71575
88032
94951
39830
33712
72735
73200
99327
33126
55985
56738
8237
3156
7837
24299
80140
12993
75082
69723
6524
70897
9914
59148
11717
42648
10336
36334
47059
21644
36473
76851
57817
64061
67026
49638
64476
1905
61865
43097
19498
43717
71430
1386
38241
85039
2666
53795
63369
15054
57131
35216
9152
76133
7579
98309
30375
25722
70685
28299
54999
57738
54551
29360
37140
44245
55465
7578
78386
70223
92692
37695
36543
16196
91525
88340
89439
37189
79467
60975
90991
23241
92456
20865
61891
15810
96848
86544
86074
14022
94141
16210
62669
3368
62716
94650
4791
21129
52369
46495
33446
94198
5265
15750
75408
22748
11062
1358
86723
75228
6306
81035
60506
74114
39156
49323
32221
89954
66105
61286
13307
34916
3669
7183
72565
39358
43302
33425
83606
66141
89943
64322
34917
31420
71062
38060
76308
41277
61050
46525
23416
75650
30589
99892
14865
14264
16022
84744
15562
65261
40899
18603
76535
2174
32874
11508
35627
4738
31753
6309
43518
6478
70321
18082
84418
70530
17257
77516
70289
41658
19995
64519
87576
53918
93930
18725
34501
66860
94744
10424
93241
4922
30860
44141
18802
8269
9476
37152
54657
94353
612
40413
17456
21705
15389
50141
39640
24267
66053
74674
61635
30076
24921
98202
67521
27006
90420
21953
87933
22622
39928
23124
16852
64200
65081
59202
85608
59006
80113
8873
44067
852
70778
98602
35079
41253
62584
90030
39088
49862
2373
39559
83170
59910
94515
95944
69491
39391
62713
60540
94183
47497
22570
74494
90080
64701
94820
80516
59663
84489
84296
82710
56588
88743
87241
2997
12715
77232
84881
24396
18622
52671
78257
35465
18071
68758
67600
46355
72523
9135
32589
18585
71151
92485
56987
50801
33526
82022
19676
95318
8444
1387
5949
46938
10865
32470
52591
65386
66299
6988
61719
21424
5284
64246
84427
93468
91281
51814
82255
88226
67309
99876
1687
23837
67701
61419
88458
66916
50218
71444
71108
87719
91193
32769
79687
43192
9326
40990
6582
27323
15707
47260
59753
71884
87253
64999
9181
99850
15015
77051
30914
914
19776
21232
11106
40360
79582
94534
37316
5217
16410
12722
84677
29153
8247
11429
20300
75958
20318
49622
10946
88199
90296
58503
16839
56305
59640
4343
2627
59730
39465
86271
64129
42896
23146
55454
83263
83042
98636
81527
95027
41107
6566
92433
48755
22039
52128
59694
81928
77089
82777
61506
55909
46606
6021
18794
29664
66455
21670
56033
3823
95015
35517
63888
90040
87412
74739
99530
36365
19078
39475
85937
28499
88219
13657
57737
82305
21984
38468
60660
40787
47904
5766
42775
9888
62287
39105
53418
56731
41579
39993
83402
52249
9093
53304
48727
68416
3260
48875
40978
9391
73934
46595
28508
57869
29474
66329
50324
71954
2406
76441
16017
53155
39107
64971
59496
39886
24939
91476
15433
66596
59024
51101
24522
25160
6411
16372
56665
11317
99647
61476
5086
31083
42033
45623
50105
73363
12256
88216
77505
33808
80880
80139
15195
45079
53816
37969
70857
11927
99558
41554
98758
85951
21117
49807
31812
76087
96973
72073
86767
82548
4973
95472
31595
90476
47782
81605
65308
72179
258
88977
58815
27958
92054
74897
67681
77595
69129
26507
11700
24037
91802
8276
43105
90907
310
51218
30661
81780
93255
38371
16158
81538
90621
8253
92768
76650
1933
22488
33381
69038
39655
75724
14798
85779
877
63273
9494
39005
32998
14319
31754
18484
96797
50074
7653
13611
3747
49548
2710
26516
4749
30940
38170
6901
67110
19542
97793
52342
25696
12695
48984
83956
44235
84723
13463
38796
33843
62050
30631
50866
52136
84380
96740
14686
31394
49618
87140
69525
26700
18611
49260
14393
56254
31155
51512
77958
49911
63375
84807
7015
34397
67779
87409
8002
64313
89902
1264
93536
11063
25436
4331
80351
67732
16318
56656
40657
38882
32869
37299
8126
55617
56332
99996
9784
20251
13136
78702
92171
31822
23773
89585
28251
33763
79278
30058
83902
17408
21300
29959
79578
42550
51019
14371
50047
63909
10144
25217
1257
29231
81230
22830
85605
73605
84148
76827
47865
21412
19153
38638
26528
43433
76600
25372
70918
40419
86604
46753
36962
44957
6956
47135
535
89798
39328
89016
27950
71985
96323
95926
24827
87242
60623
96074
78936
6940
13059
63854
79089
44999
39116
18380
71570
42529
15918
91377
15174
67170
10295
95495
59347
87137
1558
73368
56657
40512
94614
10041
6061
74368
70002
38147
36038
22820
87306
18228
39957
18679
47334
12268
51515
39114
1337
13847
95145
66570
55715
97796
98496
66425
65162
24491
94004
91866
60972
92868
34240
28520
20741
49583
6265
49756
16757
66932
17117
58971
51641
20141
85226
66478
91181
70711
35843
58265
16252
13177
1935
75389
343
51423
85260
43333
27151
3118
6855
1578
28469
47773
2391
67285
31
31118
45679
28198
64506
27114
82390
36010
66342
84867
54481
13841
36689
18658
56638
64445
92292
2052
12301
85025
69798
46023
83701
68114
24727
21253
81889
59540
56501
55050
21528
93680
2771
97654
51427
56202
13408
52968
35646
86914
8474
48681
67394
15179
45168
33154
7622
33442
15135
6345
5262
24501
72513
30377
10965
89840
47950
92292
38519
49042
67367
61313
24083
10408
27227
37500
98131
2176
78360
22726
60008
69876
90683
55654
30294
44969
61986
27284
30651
51639
8826
23291
91843
46714
73009
17099
29361
2768
47299
17351
38902
86813
87821
69216
47192
71453
74521
52699
58046
89322
82468
10888
368
11529
50099
34627
67718
2157
432
84369
94692
40343
60576
71390
45901
37423
28261
77530
64339
99744
52688
12050
35819
61548
11099
80557
15886
65625
89710
12049
74512
2453
94536
66868
97719
30438
79265
49577
24296
95446
87578
898
42938
6674
65534
76319
20229
29424
29983
70087
44004
74867
33315
54894
34434
35855
6387
24036
52461
26869
12603
74061
5341
63172
64509
84973
81882
82662
4700
95373
7580
62701
65448
80067
47381
71217
16533
35459
9669
61022
87157
98894
21016
75290
19273
42811
66231
5406
40164
60842
38978
70743
59779
23367
89808
41888
19179
8985
45313
72074
25525
15844
46874
32215
83866
11879
44190
53828
92329
48331
6053
72442
4649
74178
47345
45504
11135
92932
91218
56351
30437
22560
46914
58860
82737
82278
99909
72155
89226
80726
22015
71955
98368
54872
26165
80500
79186
79694
85718
79034
8792
86881
48958
84286
56538
12066
75316
57355
83971
78307
8055
37593
18337
62795
62896
20051
83163
15157
59059
37531
90685
48164
18492
86466
99304
9102
88488
74081
61257
11037
13027
40999
42926
22359
64385
29576
20673
39255
2226
21015
82314
83931
47912
13125
59766
81383
49691
6965
7103
21142
34665
99378
43079
17534
10775
41663
62305
43816
3025
47075
50029
52841
36060
2379
80983
36502
51816
53386
18038
50464
26525
27814
68388
85140
12032
52960
66906
92806
64103
32243
78394
8814
60249
39074
60618
29383
74858
20128
76773
1420
35071
61319
23746
73890
48464
16362
8540
2346
29992
12532
26902
70365
34503
26160
32769
69140
52928
24859
71698
96017
44163
59382
55417
20747
22959
90434
74169
21191
56778
35717
6058
99395
875
53609
23407
95565
78707
54008
62532
73688
56423
23171
34898
59796
3863
20165
19273
81946
63410
1810
25002
34368
75481
50383
6257
97187
14566
57915
44051
5299
55960
273
26195
65681
7980
42029
11755
67462
45705
38860
45859
70401
8242
31641
37022
57572
94190
34763
32397
31151
63525
17608
41948
85332
50375
17212
63125
66063
28910
43924
25072
65267
14978
98547
69620
11484
21451
42960
2552
68769
65377
81350
32882
915
15322
42913
40499
56403
47564
8199
75803
38844
46633
35540
25771
52826
63168
37081
13013
14818
53620
11476
38701
38562
56565
71490
49693
15011
87717
71126
44044
76907
71999
92998
8980
75069
21981
67710
68163
33495
14421
3882
83148
67850
78596
60813
50459
27757
18462
87601
54600
19787
58026
54010
83307
55346
80272
27744
7693
66137
3295
35876
46272
81357
50507
51538
81743
17626
92763
80498
98061
47256
81952
87046
63440
43393
9307
7608
16732
94364
85454
28880
36105
75315
82141
98086
95559
88733
59029
40605
69068
99716
25054
88713
92634
9325
87463
27950
80527
7060
332
224
98283
27845
97199
608
23597
5698
82697
73748
49247
9517
99501
17692
75415
57739
62533
80526
20594
76680
94997
52289
14771
81170
90561
86694
13400
576
82339
67546
49486
10682
64572
77419
83392
47169
67915
5350
15350
57400
92196
89422
1945
95824
75762
10778
7535
81845
71255
11216
5987
68210
7107
73410
8934
45625
77386
89423
35527
30035
14192
20010
67417
79939
29679
78081
1337
2778
50043
13346
93571
78163
99651
85914
61226
38181
88938
15687
40549
48861
29555
48361
52104
77477
86225
98147
83048
66604
27196
13446
79292
60906
24652
48820
21058
41353
22314
52937
46203
43379
43805
18463
85969
89841
44407
88353
74038
69490
80114
80300
33934
40098
37967
69554
76071
95116
34666
70511
20090
83091
67116
12051
17490
35072
84770
73866
59260
16389
66818
11841
16060
34933
47708
1247
99499
9672
75238
6697
77989
25197
4391
12478
19604
254
3087
26130
18756
89139
58282
5795
72328
87213
22671
96937
95724
11924
4994
2708
40627
13559
95960
83016
53212
25356
44114
56621
12051
74252
99752
68985
50768
87824
66956
8275
46402
77019
50045
59456
58290
12518
2375
95729
19173
94173
63968
71193
11371
72510
53778
52608
18874
3076
69292
83385
77005
79977
23706
74484
98005
23080
71792
54449
65217
94001
30894
60018
43729
98844
63293
42243
10794
62748
23807
28637
72954
47382
46143
29572
81615
1792
7085
47494
65386
42825
72531
99483
69515
75276
75735
98308
64252
20464
59296
29949
55356
83571
1272
85153
52096
75551
21922
21264
47120
39961
51899
9686
24674
29744
38870
28310
36461
56877
91375
35274
5543
54149
69005
84183
96438
36727
15955
73348
22261
29020
42475
28379
69010
75964
26958
56955
90888
1667
52710
40648
84080
37090
57952
9312
46172
70272
22872
83649
5260
66165
14112
12094
31301
28033
85813
21474
84542
92038
91629
83405
4562
94933
63058
30916
68731
62923
8894
2963
60563
58592
51082
90092
34243
6788
70255
35618
84996
26753
373
26872
66842
53787
1562
20731
34346
96052
34795
18878
90757
37543
65390
97540
50191
78153
43047
71352
17405
74353
76419
86733
94473
76031
14411
40028
43672
9250
86631
37580
85099
33961
24873
77806
87455
20941
49015
72980
34918
62656
47895
58290
69899
36191
37255
73825
32923
10595
2978
91337
71442
52404
59464
80408
88262
58676
15672
27214
58256
29057
49412
22456
91826
45299
72872
4355
40151
62995
51827
80424
5078
50759
61065
85066
25534
37608
15735
73883
23194
44759
70421
13621
13714
72542
39260
15145
4520
44899
86649
72907
89412
29082
57828
84579
89818
76155
19853
30970
77161
83496
39182
21442
99272
62426
84020
80306
89831
16428
66871
81192
13986
25416
31647
31185
2489
47086
83788
51849
5594
53236
75718
19886
30758
24188
48494
98445
42953
90808
37014
75504
9097
35477
8776
60711
3228
82563
27718
75290
90821
20098
64807
44229
11342
90515
3898
85926
84643
84563
8882
11466
25274
51556
55435
98645
52820
57887
71192
11228
34559
27323
54377
99704
20531
10052
77183
49672
36600
66673
83347
63527
1707
29951
38363
60237
11801
75285
56997
60612
93403
38387
6252
5626
51263
11613
54002
5569
48389
11872
65797
13227
85732
1145
98164
96326
13385
5628
15494
42758
56501
67599
23511
25292
73974
45341
23008
56237
24100
63425
92642
22056
4884
2291
76795
10880
52115
72480
58765
71576
18704
76889
1307
23950
35198
64205
24923
87156
55240
50499
48545
91562
73844
7268
24790
36606
48690
80897
75102
5010
28661
39954
30021
72047
93859
70820
867
42389
69645
54907
13089
74837
60008
52122
47612
27731
77121
74996
60002
16829
66071
23632
71253
65386
30888
52087
57645
16822
23457
4282
24885
96397
15283
11487
68344
5977
66945
14393
66595
10956
16380
52608
32954
26680
57024
31673
16287
78984
22889
52455
19762
86271
70475
47953
93275
39757
57097
92652
67751
49462
15277
72829
24219
30992
66174
3672
41374
71103
13595
78328
58687
51211
93387
1658
82264
29396
47172
23032
89264
42669
35962
66894
29750
97975
62352
53527
48445
65660
32932
47980
33596
96076
62062
13623
87305
56998
70509
45331
80356
55294
96940
50586
29562
44662
6013
4657
2638
39206
61286
4407
28715
41147
25691
73287
49066
47554
43437
77464
76260
93841
42933
93465
48978
77957
68861
52166
25951
10205
18264
33822
86484
91678
28973
33096
73981
79614
82564
54416
16515
13865
17373
11207
5029
74296
66594
15314
59237
9843
6494
62633
52085
74549
25193
40411
39255
53785
66004
66932
58968
49301
30447
73281
93449
4044
73367
12187
35509
42347
50747
45463
27233
67626
31918
75864
18824
96984
86746
57846
31224
76687
79143
47100
52791
87360
65924
64073
35063
28054
86789
76785
89631
68590
93157
94129
67059
54619
81825
56554
58171
8306
83799
65985
43072
37547
94986
63458
13289
19993
71388
30447
21191
55831
22045
77217
20697
49349
38588
46076
59108
30049
16707
18142
97595
16818
82158
60549
37409
61672
27786
81948
32305
61110
20264
87036
49829
52205
41369
53251
8495
45141
14607
13054
83807
22556
85271
587
54986
62115
43076
11774
14666
73829
42166
19009
16591
2538
51811
44019
14220
51208
94419
56880
2509
46854
66333
83339
24002
31196
91711
30535
36038
73816
51051
7282
90589
14160
48167
29099
62687
94588
80554
27004
80299
2414
42680
24715
79744
99348
90881
43942
76958
99816
94198
13050
93371
4241
4186
91288
56277
27604
57863
76651
41083
13742
65281
66479
15948
17607
34872
91087
21171
53485
14752
21994
21836
13994
94348
21902
40380
613
8568
70576
99240
62457
96037
11398
73383
59333
45017
68655
76145
77442
87245
4180
965
82525
44107
71317
62423
72558
77982
72515
96498
9856
1628
34785
76325
33846
3836
67875
44281
16743
31679
72653
51367
14392
79842
99413
68057
28932
29366
71880
98392
17690
19545
90415
43869
41608
83318
43376
31104
36080
93269
88733
19023
83594
25669
51504
85380
71027
58736
77102
38301
75947
27317
98682
94551
85929
40501
33889
16711
34420
13721
37554
75437
6226
79054
82379
76643
1307
55920
15382
98865
22021
88935
65548
36212
10785
51490
7999
18328
38308
94248
68644
44684
7464
89270
37786
83595
83801
36864
34913
25714
50888
59657
15835
82996
3544
17263
96502
26726
22134
61425
68107
34954
3691
91515
47856
98516
73248
49912
93570
25399
25853
4383
70434
11845
25992
35600
77781
33471
48570
93839
5851
50863
43664
38614
96721
64209
31486
18156
2921
6840
8377
11537
77954
36445
76403
95392
10957
87726
42390
21027
64194
63511
28281
70546
72927
65794
20630
26536
10555
10958
40440
88443
61728
39834
72194
74864
81611
19365
64520
85703
64573
37145
6395
85465
79142
10103
93014
54358
36841
74858
35430
59882
70254
783
40608
43101
95996
43280
82123
40385
56299
44539
94177
33516
64037
31701
63281
67058
50214
92360
71298
42550
90912
82653
32449
78749
64748
58638
89895
34669
67015
60777
39450
46772
20405
54695
98873
39870
49586
57359
91899
2495
15778
22820
13114
40648
45505
23005
33384
91924
60465
84354
2207
43834
8068
82520
11957
26110
79932
99217
62538
92584
88928
58812
74053
3461
89247
87761
37966
70512
70604
12079
85714
48953
12081
44474
16187
75704
62618
35212
23303
8942
24391
79681
14301
25517
53654
56314
43437
38059
39934
28527
88012
29830
85252
49202
85423
68665
11806
34332
32098
20036
28504
59727
73282
77500
72971
43984
78703
71136
71393
45923
71603
19069
5815
53556
23289
84317
30782
71235
66843
74808
77640
97839
31906
43008
16343
51081
64873
75027
44887
15613
81285
90214
64070
12841
96653
67187
14201
26491
70784
92423
72698
11195
23870
19515
59286
89105
31751
88262
4438
47877
82539
69320
11938
78784
2321
93323
46213
59445
95382
79932
6010
72340
8959
33413
31205
47391
93890
77135
4851
26057
87825
60146
36858
5345
85174
28451
21153
71143
18128
93938
36609
52459
34704
86695
41491
55651
13234
22978
39711
82680
13595
57579
37291
98213
80095
15696
31024
81469
55073
70098
16674
40065
30764
18242
39845
21502
65131
56678
95999
4288
83953
42354
88738
1540
84327
80572
65498
43758
92076
83582
1220
30526
88067
16855
44869
10356
4822
42984
73846
20341
11798
35894
95544
21387
97914
81380
11295
66074
15643
64089
61392
19079
68655
43611
51735
98158
90302
56557
90135
2004
94000
49426
38786
59941
49406
54712
53569
67927
64314
26575
69555
91969
45968
86404
46139
77492
9785
7330
79195
72767
69118
83546
43873
96677
60914
37495
29072
98949
64727
13066
12201
71058
9565
6948
84056
59436
30889
87082
15372
2503
21415
11508
48818
47212
74643
80694
35008
78379
80007
82852
25798
52287
52605
51976
91614
10567
86135
99016
9316
57348
29624
76611
86669
80217
55447
68153
11332
78665
19473
46986
2774
72685
92413
57194
1798
71366
5160
35561
8621
27856
5170
62348
36990
49902
38378
84539
68100
21634
61233
1519
33300
86631
7002
21606
13785
4566
10846
96868
27189
23823
54288
33937
79385
12593
81235
94995
72444
24121
86015
36460
19909
29329
15021
59163
44400
31884
89632
38103
80607
90355
45408
22740
81502
62299
82609
64202
52132
11364
10662
19881
72532
46144
61268
80396
11710
73115
72369
99218
63051
34930
10793
9514
25035
97005
83399
96962
78434
40058
7160
12959
30200
56017
30617
12355
6818
37709
38978
3480
12703
95605
36926
60053
70616
70807
18714
39058
93919
18021
36795
52919
68138
95924
63982
50943
26183
44722
14268
17501
91398
8364
86486
18773
73591
44562
41279
81380
60779
43137
24859
20974
42532
53990
27422
75689
25295
14468
52592
11068
19496
46346
9984
49248
88467
32200
69460
11885
77770
61484
88618
8042
27800
5302
64416
67612
53793
66861
38067
985
17312
50843
81757
92597
56830
2457
5712
53089
80162
76271
26285
34879
32670
2454
90308
82029
61070
7805
19832
81823
59530